20141127,3163
20141128,3107
20141129,3085
20141130,3297
20141201,3177
20141202,3176
20141203,3192
20141204,3141
20141205,3207
20141206,3148
20141207,3290
20141208,3171
20141209,3195
20141210,3199
20141211,3218
20141212,3235
20141213,3177
20141214,3343
20141215,3237
20141216,3268
20141217,3264
20141218,3242
20141219,3277
20141220,3242
20141221,3408
20141222,3288
20141223,3250
20141224,3220
20141225,3260
20141226,3273
20141227,3275
20141228,3418
20141229,3301
20141230,3277
20141231,3324
20150101,3114
20150102,3148
20150103,3444
20150104,3437
20150105,3407
20150106,3405
20150107,3411
20150108,3409
20150109,3446
20150110,3438
20150111,3553
20150112,3425
20150113,3457
20150114,3492
20150115,3493
20150116,3497
20150117,3457
20150118,3576
20150119,3482
20150120,3464
20150121,3490
20150122,3583
20150123,3523
20150124,3444
20150125,3587
20150126,3521
20150127,3465
20150128,3488
20150129,3433
20150130,3455
20150131,3404
20150201,3487
20150202,3401
20150203,3413
20150204,3366
20150205,3368
20150206,3360
20150207,3332
20150208,3441
20150209,3371
20150210,3344
20150211,3281
20150212,3283
20150213,3239
20150214,3118
20150215,3021
20150216,2880
20150217,2722
20150218,2573
20150219,2480
20150220,2343
20150221,2448
20150222,2504
20150223,2666
20150224,3079
20150225,3218
20150226,3318
20150227,3445
20150228,3431
20150301,3543
20150302,3512
20150303,3518
20150304,3480
20150305,3579
20150306,3565
20150307,3613
20150308,3759
20150309,3607
20150310,3560
20150311,3608
20150312,3608
20150313,3673
20150314,3624
20150315,3839
20150316,3655
20150317,3627
20150318,3623
20150319,3587
20150320,3590
20150321,3578
20150322,3741
20150323,3597
20150324,3616
20150325,3564
20150326,3580
20150327,3634
20150328,3570
20150329,3697
20150330,3588
20150331,3636
20150401,3540
20150402,3526
20150403,3489
20150404,3276
20150405,3286
20150406,3650
20150407,3609
20150408,3562
20150409,3561
20150410,3584
20150411,3577
20150412,3779
20150413,3569
20150414,3549
20150415,3584
20150416,3553
20150417,3649
20150418,3659
20150419,3801
20150420,3621
20150421,3664
20150422,3616
20150423,3587
20150424,3656
20150425,3625
20150426,3785
20150427,3648
20150428,3684
20150429,3607
20150430,3568
20150501,3390
20150502,3382
20150503,3788
20150504,3697
20150505,3693
20150506,3726
20150507,3686
20150508,3753
20150509,3797
20150510,3913
20150511,3799
20150512,3736
20150513,3670
20150514,3723
20150515,3857
20150516,3744
20150517,3919
20150518,3844
20150519,3757
20150520,3228
20150521,3056
20150522,2995
20150523,2842
20150524,2906
20150525,2644
20150526,446
