20141127,43
20141128,41
20141129,47
20141130,57
20141201,50
20141202,48
20141203,45
20141204,39
20141205,39
20141206,51
20141207,54
20141208,54
20141209,57
20141210,51
20141211,41
20141212,45
20141213,52
20141214,50
20141215,43
20141216,45
20141217,39
20141218,38
20141219,54
20141220,54
20141221,51
20141222,38
20141223,37
20141224,34
20141225,31
20141226,41
20141227,56
20141228,51
20141229,53
20141230,49
20141231,54
20150101,54
20150102,49
20150103,45
20150104,37
20150105,38
20150106,40
20150107,39
20150108,43
20150109,45
20150110,45
20150111,49
20150112,45
20150113,42
20150114,39
20150115,47
20150116,44
20150117,45
20150118,50
20150119,39
20150120,35
20150121,46
20150122,43
20150123,42
20150124,39
20150125,55
20150126,50
20150127,45
20150128,42
20150129,45
20150130,45
20150131,39
20150201,48
20150202,44
20150203,49
20150204,49
20150205,39
20150206,42
20150207,41
20150208,42
20150209,33
20150210,37
20150211,38
20150212,47
20150213,49
20150214,43
20150215,49
20150216,54
20150217,50
20150218,51
20150219,64
20150220,70
20150221,69
20150222,64
20150223,53
20150224,44
20150225,40
20150226,42
20150227,41
20150228,52
20150301,50
20150302,39
20150303,45
20150304,38
20150305,42
20150306,46
20150307,51
20150308,54
20150309,45
20150310,37
20150311,34
20150312,35
20150313,43
20150314,46
20150315,43
20150316,43
20150317,47
20150318,54
20150319,48
20150320,45
20150321,47
20150322,39
20150323,35
20150324,42
20150325,40
20150326,33
20150327,31
20150328,44
20150329,47
20150330,38
20150331,40
20150401,52
20150402,49
20150403,40
20150404,43
20150405,53
20150406,43
20150407,30
20150408,34
20150409,34
20150410,31
20150411,45
20150412,62
20150413,36
20150414,32
20150415,50
20150416,51
20150417,55
20150418,51
20150419,48
20150420,37
20150421,47
20150422,42
20150423,40
20150424,34
20150425,36
20150426,42
20150427,35
20150428,42
20150429,38
20150430,40
20150501,45
20150502,47
20150503,47
20150504,38
20150505,32
20150506,37
20150507,30
20150508,32
20150509,46
20150510,64
20150511,47
20150512,38
20150513,36
20150514,37
20150515,35
20150516,45
20150517,50
20150518,37
20150519,40
20150520,38
20150521,36
20150522,35
20150523,38
20150524,32
20150525,22
20150526,9
