20141127,80600
20141128,76361
20141129,89845
20141130,101184
20141201,95746
20141202,90046
20141203,81460
20141204,70978
20141205,78433
20141206,87568
20141207,102512
20141208,101736
20141209,100355
20141210,88456
20141211,82574
20141212,82402
20141213,89110
20141214,87446
20141215,85828
20141216,81928
20141217,73007
20141218,84162
20141219,96381
20141220,91845
20141221,96395
20141222,77705
20141223,71084
20141224,65231
20141225,65837
20141226,83526
20141227,90329
20141228,98544
20141229,93881
20141230,84726
20141231,82874
20150101,76488
20150102,72357
20150103,79095
20150104,72483
20150105,75025
20150106,76745
20150107,83325
20150108,84551
20150109,80317
20150110,85210
20150111,101471
20150112,83854
20150113,75305
20150114,73321
20150115,89863
20150116,73324
20150117,80747
20150118,90416
20150119,73232
20150120,74462
20150121,90112
20150122,86440
20150123,71661
20150124,75747
20150125,98026
20150126,88418
20150127,81546
20150128,85399
20150129,85570
20150130,78753
20150131,76886
20150201,94416
20150202,94682
20150203,95238
20150204,85305
20150205,80021
20150206,78429
20150207,78679
20150208,75211
20150209,67875
20150210,74916
20150211,80222
20150212,93449
20150213,86914
20150214,82606
20150215,82676
20150216,80122
20150217,68267
20150218,71815
20150219,78404
20150220,75561
20150221,78035
20150222,73432
20150223,65404
20150224,70843
20150225,78328
20150226,78479
20150227,82873
20150228,105089
20150301,94970
20150302,89877
20150303,84193
20150304,82929
20150305,94533
20150306,97211
20150307,102037
20150308,110206
20150309,97097
20150310,79948
20150311,78906
20150312,86072
20150313,88795
20150314,85683
20150315,98879
20150316,117848
20150317,116411
20150318,127161
20150319,112905
20150320,103641
20150321,94101
20150322,96182
20150323,92031
20150324,105237
20150325,93226
20150326,80998
20150327,85169
20150328,97519
20150329,110439
20150330,86848
20150331,115779
20150401,112098
20150402,108588
20150403,93374
20150404,102145
20150405,96599
20150406,93968
20150407,80453
20150408,85158
20150409,82787
20150410,82644
20150411,100200
20150412,123200
20150413,90989
20150414,98492
20150415,128913
20150416,129301
20150417,117547
20150418,111465
20150419,113510
20150420,105113
20150421,117537
20150422,106725
20150423,94752
20150424,84137
20150425,92787
20150426,99227
20150427,92753
20150428,96791
20150429,94200
20150430,94432
20150501,91767
20150502,95401
20150503,104674
20150504,88327
20150505,87640
20150506,86409
20150507,77564
20150508,81952
20150509,111238
20150510,140348
20150511,114176
20150512,96368
20150513,92851
20150514,91727
20150515,93145
20150516,112570
20150517,110640
20150518,105581
20150519,99913
20150520,89729
20150521,82691
20150522,75479
20150523,69930
20150524,58692
20150525,25106
20150526,1202
